0 2720.17
100000 2720.17
200000 2720.18
300000 2720.18
400000 2720.18
500000 2720.19
600000 2720.19
700000 2720.2
800000 2720.2
900000 2720.2
1e+06 2720.2
1.1e+06 2720.2
1.2e+06 2720.21
1.3e+06 2720.21
1.4e+06 2720.21
1.5e+06 2720.21
1.6e+06 2720.21
1.7e+06 2720.21
1.8e+06 2720.21
1.9e+06 2720.21
2e+06 2720.21
2.1e+06 2720.21
2.2e+06 2720.21
2.3e+06 2720.21
2.4e+06 2720.21
2.5e+06 2720.21
2.6e+06 2720.21
2.7e+06 2720.21
2.8e+06 2720.21
2.9e+06 2720.21
3e+06 2720.21
3.1e+06 2720.21
3.2e+06 2720.21
3.3e+06 2720.21
3.4e+06 2720.21
3.5e+06 2720.21
3.6e+06 2720.21
3.7e+06 2720.21
3.8e+06 2720.21
3.9e+06 2720.21
4e+06 2720.21
