21.0576
41.2488
33.4549
13.9147
21.8439
26.9039
23.0716
11.2813
14.7237
10.9533
24.6099
15.4362
10.3307
31.9273
11.5034
23.5288
15.9709
9.12104
9.79737
20.4131
14.6283
10.665
18.2278
10.7908
10.768
16.8369
9.97808
10.5748
13.5919
19.5794
158.315
12.7506
15.8864
8.92188
19.0735
42.4697
26.4423
12.3279
20.8416
11.7984
77.2246
28.0948
20.8733
14.0901
14.0163
12.8785
31.1061
18.6098
14.8335
20.7999
10.1261
9.0616
18.2446
17.0351
9.88262
20.5262
12.8562
23.0791
15.3451
10.3051
33.4683
28.7073
12.5062
209.726
20.728
12.6474
22.1908
21.6325
36.1014
9.72209
13.4396
26.5671
48.3169
72.6985
15.0474
13.2048
14.3626
25.2644
24.3234
23.6314
40.5706
27.786
12.8693
15.9222
11.9016
12.8344
20.4526
37.7867
36.6871
21.0524
18.0194
16.0351
87.6238
10.1068
9.10938
25.9687
30.7465
25.8084
112.008
9.24576
16.4411
23.0206
29.4864
43.1307
49.4389
14.6455
10.1443
12.5443
