0 -1.26373e-05
100000 -1.26483e-05
200000 -1.23918e-05
300000 -1.19402e-05
400000 -1.13518e-05
500000 -1.07008e-05
600000 -1.00984e-05
700000 -9.5715e-06
800000 -9.10727e-06
900000 -8.69409e-06
1e+06 -8.32344e-06
1.1e+06 -7.98867e-06
1.2e+06 -7.68441e-06
1.3e+06 -7.40631e-06
1.4e+06 -7.15079e-06
1.5e+06 -6.91496e-06
1.6e+06 -6.6964e-06
1.7e+06 -6.4931e-06
1.8e+06 -6.30339e-06
1.9e+06 -6.12581e-06
2e+06 -5.95916e-06
2.1e+06 -5.80235e-06
2.2e+06 -5.65448e-06
2.3e+06 -5.51474e-06
2.4e+06 -5.38242e-06
2.5e+06 -5.2569e-06
2.6e+06 -5.13763e-06
2.7e+06 -5.02412e-06
2.8e+06 -4.91592e-06
2.9e+06 -4.81265e-06
3e+06 -4.71394e-06
3.1e+06 -4.61949e-06
3.2e+06 -4.52901e-06
3.3e+06 -4.44222e-06
3.4e+06 -4.3589e-06
3.5e+06 -4.27883e-06
3.6e+06 -4.20181e-06
3.7e+06 -4.12766e-06
3.8e+06 -4.05621e-06
3.9e+06 -3.9873e-06
4e+06 -3.92081e-06
