4.87722e-05
7.41954e-05
1.47781e-05
7.74355e-05
9.61828e-05
8.62756e-05
4.23616e-05
6.25889e-05
0.000102935
2.77934e-05
8.08965e-05
1.47433e-05
5.27482e-05
3.81425e-05
0.000132347
0.000154009
7.13615e-05
4.82352e-05
3.13781e-05
0.000107537
3.36226e-05
0.000113216
8.34477e-05
0.000104533
2.86626e-05
8.5162e-05
6.10527e-05
0.000159582
0.000130355
0.000122095
5.0553e-05
0.000118642
0.000102008
2.6496e-05
0.000132231
0.000227436
0.000140414
6.32142e-05
8.97214e-05
3.22984e-05
0.000288758
2.35595e-05
0.00025706
7.13314e-05
7.82552e-05
5.90684e-05
0.000166197
2.14474e-05
0.000301628
0.000138038
8.60274e-05
8.52948e-05
0.000120886
0.000152996
5.31127e-05
0.000155091
8.99336e-05
0.000149358
0.000105926
2.53599e-05
9.76128e-05
0.000140061
7.4426e-05
0.000309136
0.000175037
0.000168702
0.000175387
3.19741e-05
8.9038e-05
2.444e-05
4.42425e-05
0.000152001
0.00013553
7.88449e-05
2.46757e-05
0.000116792
5.35675e-05
6.61054e-05
5.03985e-05
0.000101352
0.000221009
5.81487e-05
1.62375e-05
7.86707e-05
5.97227e-05
7.33394e-05
0.000162467
6.33773e-05
0.00035301
5.07829e-05
0.000136833
3.66846e-05
6.91246e-05
0.000107637
6.67362e-05
7.30182e-05
0.000212593
0.000117633
2.75615e-05
8.40315e-05
3.66864e-05
0.000150222
9.42247e-05
2.2869e-05
0.00011336
8.79547e-05
3.42349e-05
0.000122143
