-1.40708e+07 1.69688e+07 -2.69654e+07 0.556881
-2.30288e+07 1.87417e+07 -3.19794e+07 0.818035
-3.41481e+07 -4.39324e+07 -2.61519e+07 0.306806
-2.43055e+07 1.08616e+06 -3.73103e+07 0.356829
-2.40951e+07 1.75674e+06 -3.95808e+07 0.561317
-3.078e+07 -1.34287e+07 -2.87312e+07 0.510776
-2.34097e+07 1.83186e+07 -2.40002e+07 0.454936
-2.47575e+07 -3.30075e+06 -3.83316e+07 0.293263
-2.17472e+07 -7.70703e+06 -2.39274e+07 0.412184
-1.72243e+07 1.4646e+07 -3.37765e+07 0.271351
-2.38444e+07 -1.40594e+07 -1.98436e+07 0.592334
-3.0201e+07 -3.10093e+07 -2.43933e+07 0.209511
-2.83129e+07 -1.08542e+07 -2.77469e+07 0.223898
-2.95955e+07 -2.73987e+07 -2.38645e+07 0.483705
-2.58049e+07 1.49642e+06 -2.73424e+07 0.28802
-2.5439e+07 4.23645e+06 -3.21871e+07 0.589318
-2.69812e+07 -6.38427e+06 -1.88519e+07 0.379137
-2.52668e+07 3.25954e+06 -3.66829e+07 0.231906
-2.83572e+07 -1.38732e+07 -3.6345e+07 0.210855
-2.6424e+07 5.26594e+06 -2.38561e+07 0.502826
-2.19454e+07 1.66872e+07 -3.15433e+07 0.32934
-2.62284e+07 1.79038e+06 -3.06599e+07 0.268253
-2.64138e+07 2.1978e+06 -3.87214e+07 0.455596
-2.66972e+07 1.78379e+06 -3.1454e+07 0.268734
-2.52813e+07 1.24738e+07 -3.65512e+07 0.238465
-2.57532e+07 5.46322e+06 -2.32232e+07 0.416843
-2.75528e+07 -2.94348e+06 -2.10233e+07 0.241218
-2.52784e+07 1276.2 -2.67595e+07 0.268039
-2.64407e+07 894482 -3.27602e+07 0.341985
-2.48009e+07 3.57712e+06 -3.40433e+07 0.494917
-3.4866e+07 -5.00249e+07 -3.05934e+07 1.26594
-2.52245e+07 1.69137e+06 -3.22239e+07 0.322273
-2.22335e+07 -561173 -2.07852e+07 0.457459
-2.24262e+07 9.73287e+06 -4.02666e+07 0.222541
-2.62284e+07 385877 -2.23302e+07 0.47458
-2.5189e+07 5.10032e+06 -2.41648e+07 1.06008
-2.24521e+07 -9.70839e+06 -2.22016e+07 0.722924
-2.52396e+07 2.46634e+06 -3.74973e+07 0.312555
-2.56561e+07 2.20094e+06 -3.95503e+07 0.524204
-1.96838e+07 1.41187e+07 -2.35904e+07 0.295153
-2.10463e+07 6.275e+06 -3.14064e+07 1.58546
-1.49503e+07 3.23772e+07 -2.85784e+07 0.427527
-2.52718e+07 1.41419e+06 -2.84552e+07 0.527148
-2.50443e+07 2.43648e+06 -2.01284e+07 0.356636
-2.53599e+07 405086 -3.75345e+07 0.355062
-2.67918e+07 -1.21491e+07 -3.23872e+07 0.295489
-2.49858e+07 4.05803e+06 -2.24234e+07 0.783561
-3.16728e+07 -2.77955e+07 -2.75864e+07 0.272304
-2.594e+07 -206404 -2.8402e+07 0.373641
-2.49409e+07 2.44546e+06 -3.45693e+07 0.52872
-2.78942e+07 -7.2365e+06 -2.66168e+07 0.233784
-2.79402e+07 -6.33106e+06 -3.17453e+07 0.215857
-2.58726e+07 1.9723e+06 -3.49742e+07 0.459763
-2.66819e+07 -36122.5 -3.37497e+07 0.426385
-2.71123e+07 -1.95922e+06 -1.96137e+07 0.244318
-2.59485e+07 3.14315e+06 -3.21496e+07 0.514864
-2.56562e+07 4.59338e+06 -2.91114e+07 0.321335
-2.63969e+07 2.55528e+06 -2.32393e+07 0.574323
-2.59162e+07 4.3742e+06 -2.69773e+07 0.381223
-2.35108e+07 1.51834e+07 -3.08235e+07 0.224559
-2.56511e+07 -1.65371e+07 -2.21115e+07 0.759628
-2.60954e+07 906578 -3.84338e+07 0.720123
-2.50871e+07 3.95724e+06 -3.43557e+07 0.31572
-3.36007e+07 2.67944e+06 -4.3257e+07 3.07514
-2.57288e+07 2.66507e+06 -2.61572e+07 0.520531
-2.5966e+07 1.13654e+06 -2.84235e+07 0.318187
-2.584e+07 3.41435e+06 -3.07155e+07 0.555494
-3.10135e+07 -2.29963e+07 -1.92839e+07 0.364362
-2.07976e+07 1.49061e+07 -2.30934e+07 0.864019
-2.25391e+07 1.40561e+07 -2.06912e+07 0.225899
-2.45215e+07 1.141e+07 -3.00046e+07 0.30829
-2.65464e+07 5.42826e+06 -2.61962e+07 0.652235
-2.86719e+07 -1.6419e+07 -2.58017e+07 0.997505
-3.56395e+07 -2.3676e+07 -1.8274e+07 1.03107
-2.86181e+07 -2.39367e+07 -2.43615e+07 0.265674
-8.20122e+06 1.06736e+07 -2.31605e+07 1.38683
-2.79059e+07 -1.46441e+07 -2.81961e+07 0.321706
-3.20508e+07 -1.20665e+07 -1.91964e+07 0.489535
-1.68014e+07 1.76447e+07 -3.72991e+07 0.597488
-2.68434e+07 2.82945e+06 -3.89631e+07 0.584559
-2.8344e+07 -1.05202e+07 -2.76624e+07 0.943115
-2.50537e+07 -2.23704e+07 -2.65576e+07 0.576287
-3.14773e+07 -2.66716e+07 -3.67467e+07 0.205859
-2.65593e+07 3.45341e+06 -3.69435e+07 0.395273
-2.5555e+07 7.04705e+06 -2.66114e+07 0.292561
-2.73853e+07 -751157 -2.03598e+07 0.320487
-3.04956e+07 -1.36759e+06 -3.15922e+07 0.455997
-3.1227e+07 -2.20688e+07 -2.36029e+07 0.662845
-2.70871e+07 573295 -2.5185e+07 0.914153
-2.66413e+07 -1.97551e+07 -2.49564e+07 0.441839
-2.66511e+07 2.37274e+06 -2.46819e+07 0.448582
-2.95909e+07 -1.93387e+07 -2.60649e+07 0.31316
-3.22953e+07 -3.25042e+07 -1.78856e+07 1.15741
-2.85907e+07 -6.06155e+06 -2.99467e+07 0.241991
-2.58195e+07 -4.85709e+06 -2.18567e+07 0.240243
-2.63078e+07 -1.72202e+07 -3.67602e+07 0.604971
-2.61393e+07 -8.32411e+06 -2.48586e+07 0.744525
-2.85831e+07 -1.07988e+07 -3.30594e+07 0.563006
3.92738e+06 5.30734e+07 -3.93901e+07 0.8962
-2.63236e+07 -6.2823e+06 -3.3027e+07 0.228383
-2.97699e+07 -1.8846e+07 -2.50257e+07 0.308986
-2.53769e+07 -4.70593e+06 -2.13451e+07 0.585264
-2.05184e+07 1.15252e+07 -2.5266e+07 0.7369
-3.32716e+07 -4.06764e+07 -2.0612e+07 0.449225
-3.13126e+07 -1.64746e+07 -2.34614e+07 0.914277
-2.60106e+07 2.53382e+06 -3.55232e+07 0.366715
-2.50797e+07 9.38001e+06 -3.58241e+07 0.233456
-2.61943e+07 753393 -3.28614e+07 0.317254
