-1.48788e+07 1.79433e+07 -2.8514e+07
-2.43409e+07 1.98437e+07 -3.35283e+07
-3.61065e+07 -4.64168e+07 -2.73884e+07
-2.57019e+07 1.24021e+06 -3.87772e+07
-2.54766e+07 1.96431e+06 -4.10524e+07
-3.25496e+07 -1.41474e+07 -3.01186e+07
-2.47609e+07 1.93945e+07 -2.55437e+07
-2.61604e+07 -3.39047e+06 -3.97785e+07
-2.30101e+07 -8.09754e+06 -2.53529e+07
-1.82145e+07 1.56068e+07 -3.53151e+07
-2.52235e+07 -1.47975e+07 -2.12395e+07
-3.19134e+07 -3.2792e+07 -2.56913e+07
-2.99117e+07 -1.14569e+07 -2.91477e+07
-3.12555e+07 -2.89781e+07 -2.51811e+07
-2.72477e+07 1.58344e+06 -2.8804e+07
-2.68437e+07 4.49941e+06 -3.36642e+07
-2.84936e+07 -6.7756e+06 -2.02719e+07
-2.66539e+07 3.50407e+06 -3.81585e+07
-2.99239e+07 -1.45979e+07 -3.77365e+07
-2.78489e+07 5.54642e+06 -2.53346e+07
-2.31216e+07 1.76578e+07 -3.3084e+07
-2.76563e+07 1.9279e+06 -3.21256e+07
-2.78368e+07 2.40389e+06 -4.0193e+07
-2.8138e+07 1.93226e+06 -3.29205e+07
-2.66395e+07 1.32615e+07 -3.80718e+07
-2.71573e+07 5.78954e+06 -2.47049e+07
-2.9062e+07 -3.1039e+06 -2.24631e+07
-2.67125e+07 12238.6 -2.82146e+07
-2.78736e+07 1.00096e+06 -3.42232e+07
-2.61918e+07 3.84232e+06 -3.552e+07
-3.68467e+07 -5.28247e+07 -3.18055e+07
-2.6642e+07 1.84759e+06 -3.36909e+07
-2.34813e+07 -595983 -2.22399e+07
-2.36669e+07 1.03798e+07 -4.17778e+07
-2.76883e+07 414264 -2.37863e+07
-2.65837e+07 5.4174e+06 -2.56457e+07
-2.37105e+07 -1.02467e+07 -2.36145e+07
-2.66349e+07 2.69914e+06 -3.89711e+07
-2.70648e+07 2.4285e+06 -4.10234e+07
-2.07707e+07 1.49618e+07 -2.51192e+07
-2.22426e+07 6.66465e+06 -3.32959e+07
-1.57934e+07 3.42784e+07 -3.01992e+07
-2.66941e+07 1.55053e+06 -2.99207e+07
-2.64584e+07 2.6e+06 -2.15959e+07
-2.67787e+07 538763 -3.89993e+07
-2.8301e+07 -1.27523e+07 -3.37906e+07
-2.6383e+07 4.32116e+06 -2.38995e+07
-3.34481e+07 -2.9321e+07 -2.89099e+07
-2.73761e+07 -143431 -2.98628e+07
-2.63317e+07 2.68244e+06 -3.6043e+07
-2.9455e+07 -7.58224e+06 -2.80405e+07
-2.94626e+07 -6.61526e+06 -3.31747e+07
-2.72832e+07 2.18153e+06 -3.64456e+07
-2.81278e+07 36674.9 -3.52096e+07
-2.8589e+07 -2.05859e+06 -2.10591e+07
-2.73546e+07 3.39707e+06 -3.36248e+07
-2.70465e+07 4.91735e+06 -3.05929e+07
-2.78323e+07 2.73804e+06 -2.47083e+07
-2.73213e+07 4.68249e+06 -2.8457e+07
-2.47761e+07 1.61338e+07 -3.23568e+07
-2.70458e+07 -1.74347e+07 -2.34937e+07
-2.75226e+07 1.07188e+06 -3.99013e+07
-2.64608e+07 4.28744e+06 -3.58371e+07
-3.54472e+07 2.94107e+06 -4.51902e+07
-2.7141e+07 2.89055e+06 -2.76296e+07
-2.73902e+07 1.2896e+06 -2.9891e+07
-2.72406e+07 3.70117e+06 -3.21928e+07
-3.27036e+07 -2.42636e+07 -2.06326e+07
-2.1898e+07 1.58342e+07 -2.46258e+07
-2.37458e+07 1.49321e+07 -2.22175e+07
-2.58352e+07 1.21774e+07 -3.15204e+07
-2.79692e+07 5.73341e+06 -2.76768e+07
-3.02077e+07 -1.73556e+07 -2.71761e+07
-3.758e+07 -2.5063e+07 -1.96045e+07
-3.01466e+07 -2.53018e+07 -2.57004e+07
-8.54035e+06 1.13447e+07 -2.38253e+07
-2.93757e+07 -1.5442e+07 -2.9584e+07
-3.37937e+07 -1.27625e+07 -2.05885e+07
-1.7642e+07 1.87355e+07 -3.88517e+07
-2.8268e+07 3.09213e+06 -4.0439e+07
-2.98485e+07 -1.10721e+07 -2.90706e+07
-2.63689e+07 -2.36107e+07 -2.79115e+07
-3.31531e+07 -2.80941e+07 -3.80817e+07
-2.79689e+07 3.75054e+06 -3.84223e+07
-2.69207e+07 7.50666e+06 -2.81039e+07
-2.88422e+07 -747592 -2.18139e+07
-3.21175e+07 -1.33624e+06 -3.30461e+07
-3.28932e+07 -2.32589e+07 -2.4959e+07
-2.85342e+07 684683 -2.66478e+07
-2.80653e+07 -2.08235e+07 -2.63245e+07
-2.80781e+07 2.59261e+06 -2.61534e+07
-3.1172e+07 -2.03576e+07 -2.74359e+07
-3.40378e+07 -3.4312e+07 -1.91914e+07
-3.01093e+07 -6.29945e+06 -3.13805e+07
-2.71985e+07 -5.05412e+06 -2.3296e+07
-2.76936e+07 -1.80514e+07 -3.81495e+07
-2.76175e+07 -8.73386e+06 -2.62785e+07
-3.01989e+07 -1.12998e+07 -3.44694e+07
4.19362e+06 5.62574e+07 -4.11263e+07
-2.77976e+07 -6.51008e+06 -3.44617e+07
-3.14469e+07 -1.98102e+07 -2.63995e+07
-2.68116e+07 -4.87755e+06 -2.27851e+07
-2.16672e+07 1.23042e+07 -2.67849e+07
-3.51501e+07 -4.29163e+07 -2.18817e+07
-3.30739e+07 -1.73174e+07 -2.48429e+07
-2.74122e+07 2.81721e+06 -3.69999e+07
-2.64329e+07 1.00791e+07 -3.73332e+07
-2.76047e+07 945025 -3.43303e+07
