2.3132e+07
2.21211e+07
4.24484e+07
9.40459e+06
1.18212e+07
1.20145e+07
2.1839e+07
9.585e+06
8.15577e+06
1.9988e+07
1.48146e+07
2.91589e+07
8.70514e+06
2.57612e+07
4.45272e+06
7.74292e+06
1.08342e+07
9.8572e+06
1.37879e+07
9.4918e+06
2.00111e+07
4.85139e+06
1.11022e+07
5.2637e+06
1.70534e+07
9.9676e+06
8.09772e+06
3.4391e+06
5.35719e+06
8.23097e+06
4.94038e+07
5.55081e+06
9.11869e+06
1.72259e+07
7.29316e+06
9.26731e+06
1.03665e+07
1.01073e+07
1.18509e+07
1.86925e+07
1.07009e+07
3.69395e+07
4.15908e+06
1.02039e+07
9.26062e+06
1.02325e+07
9.47154e+06
2.59922e+07
2.52659e+06
7.76787e+06
5.57127e+06
5.19162e+06
7.73282e+06
5.67325e+06
9.42685e+06
6.73599e+06
7.30166e+06
7.7852e+06
7.33855e+06
1.81595e+07
1.56477e+07
1.03535e+07
8.67067e+06
1.8278e+07
6.03283e+06
3.85477e+06
6.41691e+06
2.32507e+07
1.94363e+07
1.89546e+07
1.42466e+07
8.66259e+06
1.46681e+07
2.60292e+07
2.20469e+07
2.3319e+07
1.22726e+07
1.504e+07
2.39818e+07
1.16728e+07
8.52188e+06
2.00636e+07
2.60176e+07
1.02398e+07
1.00212e+07
8.93043e+06
5.70735e+06
2.11056e+07
5.17707e+06
1.77015e+07
6.66819e+06
1.74501e+07
3.31691e+07
4.60769e+06
7.37841e+06
1.67554e+07
7.04582e+06
9.69412e+06
6.50497e+07
5.57293e+06
1.72193e+07
7.8847e+06
1.57387e+07
3.99543e+07
1.61238e+07
8.50615e+06
1.39803e+07
5.30871e+06
