0 1.0752e+07
100000 1.07489e+07
200000 1.07473e+07
300000 1.07474e+07
400000 1.0749e+07
500000 1.07941e+07
600000 1.11013e+07
700000 1.25049e+07
800000 1.39578e+07
900000 1.54462e+07
1e+06 1.69606e+07
1.1e+06 1.84947e+07
1.2e+06 2.0044e+07
1.3e+06 2.16052e+07
1.4e+06 2.31759e+07
1.5e+06 2.47543e+07
1.6e+06 2.6339e+07
1.7e+06 2.7929e+07
1.8e+06 2.95233e+07
1.9e+06 3.11214e+07
2e+06 3.27226e+07
2.1e+06 3.43265e+07
2.2e+06 3.59328e+07
2.3e+06 3.75412e+07
2.4e+06 3.91513e+07
2.5e+06 4.07631e+07
2.6e+06 4.23763e+07
2.7e+06 4.39907e+07
2.8e+06 4.56062e+07
2.9e+06 4.72228e+07
3e+06 4.88402e+07
3.1e+06 5.04585e+07
3.2e+06 5.20775e+07
3.3e+06 5.36972e+07
3.4e+06 5.53175e+07
3.5e+06 5.69384e+07
3.6e+06 5.85598e+07
3.7e+06 6.01817e+07
3.8e+06 6.1804e+07
3.9e+06 6.34267e+07
4e+06 6.50497e+07
