0 5.1269e+06
100000 5.13806e+06
200000 5.19264e+06
300000 5.28283e+06
400000 5.40048e+06
500000 5.5391e+06
600000 5.69391e+06
700000 5.86168e+06
800000 6.04024e+06
900000 6.22802e+06
1e+06 6.42384e+06
1.1e+06 6.62673e+06
1.2e+06 6.83592e+06
1.3e+06 7.05073e+06
1.4e+06 7.27061e+06
1.5e+06 7.49506e+06
1.6e+06 7.72365e+06
1.7e+06 7.95601e+06
1.8e+06 8.19182e+06
1.9e+06 8.43078e+06
2e+06 8.67263e+06
2.1e+06 8.91715e+06
2.2e+06 9.16415e+06
2.3e+06 9.41343e+06
2.4e+06 9.66483e+06
2.5e+06 9.91821e+06
2.6e+06 1.01734e+07
2.7e+06 1.04304e+07
2.8e+06 1.06889e+07
2.9e+06 1.0949e+07
3e+06 1.12105e+07
3.1e+06 1.14734e+07
3.2e+06 1.17375e+07
3.3e+06 1.20028e+07
3.4e+06 1.22693e+07
3.5e+06 1.25368e+07
3.6e+06 1.28053e+07
3.7e+06 1.30748e+07
3.8e+06 1.33452e+07
3.9e+06 1.36165e+07
4e+06 1.38886e+07
