2.3132e+07 8.69638
2.21211e+07 10.0423
4.24484e+07 14.7677
9.40459e+06 8.83123
1.18212e+07 8.82218
1.20145e+07 10.2638
2.1839e+07 10.0711
9.585e+06 8.77133
8.15577e+06 8.45235
1.9988e+07 8.98506
1.48146e+07 9.11563
2.91589e+07 12.139
8.70514e+06 9.60628
2.57612e+07 11.4896
4.45272e+06 8.93751
7.74292e+06 8.93592
1.08342e+07 9.1787
9.8572e+06 8.86913
1.37879e+07 9.64
9.4918e+06 9.01073
2.00111e+07 9.42518
4.85139e+06 8.91707
1.11022e+07 8.94526
5.2637e+06 8.96149
1.70534e+07 9.5032
9.9676e+06 8.98793
8.09772e+06 9.09564
3.4391e+06 8.88283
5.35719e+06 8.91562
8.23097e+06 8.89505
4.94038e+07 15.815
5.55081e+06 8.89545
9.11869e+06 8.33397
1.72259e+07 8.95444
7.29316e+06 8.96551
9.26731e+06 8.95126
1.03665e+07 8.553
1.01073e+07 8.88171
1.18509e+07 8.91724
1.86925e+07 8.94135
1.07009e+07 9.86996
3.69395e+07 11.4643
4.15908e+06 8.89907
1.02039e+07 8.88914
9.26062e+06 8.88545
1.02325e+07 9.33633
9.47154e+06 8.91049
2.59922e+07 11.6912
2.52659e+06 8.91064
7.76787e+06 8.8702
5.57127e+06 9.30741
5.19162e+06 9.16293
7.73282e+06 8.90871
5.67325e+06 8.93894
9.42685e+06 8.99442
6.73599e+06 8.92942
7.30166e+06 8.94524
7.7852e+06 8.96492
7.33855e+06 8.97244
1.81595e+07 9.58025
1.56477e+07 9.38709
1.03535e+07 8.9291
8.67067e+06 8.90075
1.8278e+07 11.6791
6.03283e+06 8.92423
3.85477e+06 8.9161
6.41691e+06 8.93843
2.32507e+07 10.8969
1.94363e+07 9.14145
1.89546e+07 9.27765
1.42466e+07 9.33744
8.66259e+06 9.02579
1.46681e+07 9.84254
2.60292e+07 11.875
2.20469e+07 10.6432
2.3319e+07 4.36383
1.22726e+07 9.44935
1.504e+07 10.1596
2.39818e+07 9.02324
1.16728e+07 8.99178
8.52188e+06 9.27553
2.00636e+07 9.81994
2.60176e+07 11.1817
1.02398e+07 8.9757
1.00212e+07 9.02006
8.93043e+06 8.94948
5.70735e+06 9.47127
2.11056e+07 10.6777
5.17707e+06 8.95906
1.77015e+07 9.76188
6.66819e+06 8.96322
1.74501e+07 10.1197
3.31691e+07 12.305
4.60769e+06 9.1395
7.37841e+06 8.70831
1.67554e+07 9.26559
7.04582e+06 9.0881
9.69412e+06 9.575
6.50497e+07 15.8102
5.57293e+06 8.99817
1.72193e+07 10.316
7.8847e+06 8.86946
1.57387e+07 8.94585
3.99543e+07 13.8572
1.61238e+07 10.3994
8.50615e+06 8.93721
1.39803e+07 9.32231
5.30871e+06 8.89271
