8.69638
10.0423
14.7677
8.83123
8.82218
10.2638
10.0711
8.77133
8.45235
8.98506
9.11563
12.139
9.60628
11.4896
8.93751
8.93592
9.1787
8.86913
9.64
9.01073
9.42518
8.91707
8.94526
8.96149
9.5032
8.98793
9.09564
8.88283
8.91562
8.89505
15.815
8.89545
8.33397
8.95444
8.96551
8.95126
8.553
8.88171
8.91724
8.94135
9.86996
11.4643
8.89907
8.88914
8.88545
9.33633
8.91049
11.6912
8.91064
8.8702
9.30741
9.16293
8.90871
8.93894
8.99442
8.92942
8.94524
8.96492
8.97244
9.58025
9.38709
8.9291
8.90075
11.6791
8.92423
8.9161
8.93843
10.8969
9.14145
9.27765
9.33744
9.02579
9.84254
11.875
10.6432
4.36383
9.44935
10.1596
9.02324
8.99178
9.27553
9.81994
11.1817
8.9757
9.02006
8.94948
9.47127
10.6777
8.95906
9.76188
8.96322
10.1197
12.305
9.1395
8.70831
9.26559
9.0881
9.575
15.8102
8.99817
10.316
8.86946
8.94585
13.8572
10.3994
8.93721
9.32231
8.89271
