0 9.55647
100000 9.55647
200000 9.55647
300000 9.55648
400000 9.55649
500000 9.5565
600000 9.55651
700000 9.55651
800000 9.55652
900000 9.55652
1e+06 9.55652
1.1e+06 9.55653
1.2e+06 9.55653
1.3e+06 9.55653
1.4e+06 9.55653
1.5e+06 9.55653
1.6e+06 9.55653
1.7e+06 9.55653
1.8e+06 9.55653
1.9e+06 9.55653
2e+06 9.55653
2.1e+06 9.55653
2.2e+06 9.55652
2.3e+06 9.55652
2.4e+06 9.55652
2.5e+06 9.55652
2.6e+06 9.55652
2.7e+06 9.55652
2.8e+06 9.55652
2.9e+06 9.55652
3e+06 9.55652
3.1e+06 9.55652
3.2e+06 9.55652
3.3e+06 9.55652
3.4e+06 9.55652
3.5e+06 9.55652
3.6e+06 9.55652
3.7e+06 9.55652
3.8e+06 9.55651
3.9e+06 9.55651
4e+06 9.55651
