658607950370340608, 27908737.304609515, -23760768.878995866, 11655294.450183019, 3.2697874510547638, 0.1320459416455515, 0.09538794286777241, 0.360343746227335
658632925604697472, 27127937.112278406, -23540970.72725569, 11656278.60872437, 5.792374350600683, 1.5385039580717432, -2.6786448172324837, 0.0788674366004
658642000872094464, 27712511.583711818, -23729798.825152334, 11845559.317588741, 3.260943644984483, 0.0903661475735209, 0.1160284045732598, 0.18671990716274
659670246105681024, 27630225.18610842, -22715292.354921788, 12144769.738184126, 0.04317833703320795, -3.008972025723498, 1.1610797222791427, 0.094622806907530
659671624791715840, 27569369.84050016, -22615618.56751586, 12146751.908716869, 2.9425340534850015, -0.03722551405804264, 0.09951348779711999, 0.147820665651202
659687498990893056, 27463996.01636114, -22961761.209471423, 12240296.80247617, 3.153221367251193, -0.02893632961429571, 0.23898307949282893, 1.18956573718554
659691656519169920, 28032754.81482908, -23219170.598971244, 12378335.861339618, 3.070729613203284, 0.060485096409345296, 0.10239832145927386, 0.220714320789192
659703957305493632, 27633304.180693697, -22834943.16013265, 12337118.450274074, 3.1526874159419864, 0.15437130167730562, 0.07105222761947072, 0.21570737846671
659704266543218816, 27705420.472615626, -22964723.378301654, 12405674.658874003, 2.7466889200202056, -0.23268887966358864, 0.569201825207009, 0.52373847059903
659722752082318976, 27967433.9158664, -22791588.161805447, 12348929.946725482, 2.9338666714232895, -0.0835897227269955, 0.45196784057065553, 0.49469222025560
659732132290823296, 27753588.277413327, -22387090.992016118, 12228950.519436533, 2.9391667874942033, -0.20619470514367144, 0.20744412520420852, 0.3559653180601
659739072957970176, 28248197.06791707, -22792297.64759782, 12494882.813178392, 2.9604247855203853, 0.06376077678135239, 0.23953067619611135, 0.33983812405981
659741233329151744, 27970536.02282883, -22658076.319546472, 12446550.06197425, 3.120306629131174, 0.19139802603703693, -0.016584916154372298, 0.111597700875594
659744978536843264, 27696010.83630226, -22822439.85378211, 12338287.996223157, 2.9116516342252554, -0.09870606106398228, 0.11048148381174494, 0.116525295353040
659750892708009088, 27601348.432960443, -22639591.47166047, 12384115.611474678, 2.946676725358997, -0.16440402487245986, 0.35673838714841555, 0.40079590336614
659753126090987776, 27754590.539382223, -22924555.861357596, 12494665.13204986, 3.0865679957584664, 0.12981443316722796, 0.17197177924973683, 0.13859500543775
659754878437638144, 27728086.146506045, -22961994.719745383, 12518133.847443093, -1.6853610760060556, -1.4121276005498604, -0.5803670471808854, 0.40125721271037
659755630055476992, 27962304.194210064, -23007180.430568356, 12543933.770331684, 2.9429377407039845, -0.2784596290256358, 0.24233345554597818, 0.77174967902480
659756493345357056, 27965353.377810713, -22992543.37411552, 12560569.074367296, 2.958337293592547, -0.06648733321822853, 0.2589804537778977, 1.57678859016203
659758967246506880, 27964654.07754581, -23042019.20225433, 12643918.80607011, 2.977357801566791, -0.1533804300278554, 0.2837371156190378, 0.86820347857772
659760650873719040, 27971404.840627387, -22825100.789776176, 12484892.38072246, 2.799932482021397, -0.5151632131970763, 0.2544002428102088, 0.51494838780590
659760788312669568, 27710227.299539376, -22629300.38932799, 12382405.076270789, 2.534486085516897, -0.6635145170544083, 0.5430025237646454, 0.408304970302282
659765220718853504, 27791597.02501699, -22627185.878312193, 12469701.143510722, 2.925910588859825, -0.3436181962572773, 0.3918746908050368, 0.408794278809092
659765598675979904, 27649799.307404753, -22420053.152692046, 12367418.832219206, 3.0679292453824374, 0.1452756811247129, 0.0311534646699263, 0.218743589798616
659768102641215744, 27711586.43303778, -22602543.836370204, 12493244.761237325, 2.9994070128843333, -0.10709967494286676, 0.08702902099755017, 0.50673771257999
659771027514771328, 27489834.92966857, -22616330.728506077, 12443204.267096587, 2.9245906901322583, -0.09903789254956052, 0.07201661783694835, 3.9091747199152
659777074828577024, 27923617.365780238, -22896474.701762356, 12728564.78472179, 2.7300073236045037, -0.8791248548180546, 0.49126446443701877, 0.31324565382248
659329126920001408, 27827199.187240936, -22963177.34042577, 11571319.168546287, 3.1782138953968952, 0.23122879410612107, 0.11659941528104678, 0.245171281075743
659343626729512832, 28369782.80752375, -23068433.89283041, 11820605.600227902, 3.2406442804061353, 0.16515536266720243, 0.04675027974053636, 1.16992609676936
659373141744409984, 28047009.765899397, -23454390.642926376, 11730740.070514368, 3.1895945109593278, 0.3700156861676245, 0.19367757698149113, 0.33570128366365
659388947224025856, 27630721.172059253, -23260786.886054978, 11821619.574535502, 3.0275006009903196, -0.14169233628312572, 0.19974471644607927, 0.34046773984940
659411796450014464, 27530094.25136738, -23389030.887174565, 11900797.886507217, 4.66533313801616, 4.384284483444657, -2.1657578062494665, 0.32140200296333
659414785747258880, 27599675.81977423, -23350585.748281907, 11918536.766449919, 3.346756973589595, 0.10728851605750389, -0.19753415071148872, 0.17951743930422
659427464490677632, 27783980.458147068, -23076275.812894333, 11745363.104315765, 3.032127821740829, 0.06780391448345569, 0.22590668941094716, 0.181297199845018
659432034335876352, 27695520.73928341, -22934408.76001972, 11767858.603164678, 3.249578551059384, 0.2692565850887778, 0.07132098135374587, 0.146630598537206
659441242745739648, 27717859.017483708, -23146350.586073793, 11906871.304012341, 2.970853806116139, -0.05517577883503577, 0.19753500095529208, 0.154388765395583
659483573941736704, 27857152.03783215, -23232256.583593, 12152926.87537536, -1.8616815885943312, -5.380854409926138, 1.082295156836588, 0.052721066768102
659489518178180864, 27410419.4332699, -23151148.811513193, 12114015.12451359, 2.95045233225661, -0.2903823223486315, 0.23036099972974933, 0.63528489812678
659547998453087488, 28215178.827787135, -22987943.15233421, 12041361.437838145, 2.672591554715688, -1.231966905591399, 0.9368275373928037, 0.269357995901796
659550884671134336, 27857686.77619846, -22515748.129349634, 11736275.235316725, 3.1984431373107984, 0.3443735869268494, 0.03354223110514276, 0.191376288001805
659556485308395008, 27889707.709464353, -22442128.08756049, 11826486.35327947, 5.5669673708558385, 7.443054950098695, 7.867532708681158, 0.22501382335804
659556554028402688, 28455435.721873876, -22883960.065111693, 12066792.062194157, -2.1995210894219603, -9.51567827165518, -5.994276617667252, 0.078341176958519
659559027929113728, 27820810.73846792, -22504932.236843687, 11844068.851584686, 3.138314971330731, 0.29292355206979703, 0.09163399160905383, 0.2384401160520
659559783843349120, 27671971.44924586, -22513372.330407433, 11808359.316224208, 2.8628869205612437, -0.1325046305103692, -0.003872819013786888, 0.16275688855678
659656094190005376, 28235328.236281846, -23047680.775683433, 12192234.186449016, 2.894584651935653, -0.25586656863182, 0.3631561745642893, 0.49472884426071
660156509419044864, 27252405.85943912, -23817269.48157332, 11964927.461921338, 1.1194947316295343, 1.9377550959277583, -3.182084022099013, 0.451675805581871
660197019550544256, 27019385.754217442, -23823708.453282457, 12209445.986722536, 3.3294484680699563, 0.02392356306743526, 0.20879981634450528, 0.136366999669958
660295357121694080, 27099057.6917267, -24091383.48940392, 12419117.360980798, 3.31381622400803, -0.3468577421173258, 0.24170293713690727, 0.59397042204692
660297487425469440, 26817354.267744903, -23961162.424111247, 12308563.125236351, -4.145610151564845, -8.745184976782237, -0.4089997341125291, 0.185552983123477
660297796663113344, 26804852.379298724, -23941496.549686074, 12325009.950239183, 3.3697746704829576, -0.04106172918273732, 0.1573631626607752, 0.143060043304970
660298621296880256, 26544527.022666316, -23837116.902104877, 12243537.285284612, 3.5280389709780646, 0.051130430514824354, 0.06078684920084143, 0.20287191305620
660325795553877376, 26733197.232256863, -24160275.609361645, 12520473.852481259, 3.4166027219295705, -0.06257817214509664, 0.16438703040488445, 0.13762578682936
660327685339473152, 27017608.166930914, -24304719.197345134, 12606546.729622044, 3.4363251642912083, 0.0017448545143237126, 0.18862557095553445, 0.14671180082489
660327960217390848, 27027368.4473673, -24301706.391360786, 12623705.575578004, 3.4189622570816414, 0.028753837466167553, 0.2721607572444804, 0.149418445505500
660913179577777152, 27562185.98434308, -23886657.201090697, 12150845.874364965, 3.330925929127787, 0.14785356524168058, 0.22742516222977072, 0.21039321908506
660923105246007552, 27587892.786848713, -23717359.41760012, 12149470.992594086, 3.375623747171769, 0.1312547719861179, -0.007911285311291039, 0.133790050185971
660928259206807808, 27416865.611690756, -23526831.048200537, 12151972.509060131, 3.2406097569319012, 0.2024449722432724, 0.048319260433698386, 0.2977261050835
660933073866203264, 27361897.83543925, -23659434.04253879, 12228995.425190868, 3.2041707012711873, 0.06459297748924886, 0.129495354471874, 0.258186256838002
660939258619177984, 27296387.371223394, -23854469.423675623, 12199175.529521933, 3.1581998451360365, -0.4922991882369523, 0.43141643976768007, 0.455743623709849
660944717521395840, 27120630.770719524, -23634624.558402654, 12202092.643004147, 3.1779694271762726, -0.03591278953600874, 0.1992141384183479, 0.75484086052220
660948123431659648, 27086605.78816313, -23806253.97714635, 12248935.371491447, 3.187990393149664, -0.08094846376937781, 0.27824433770505186, 0.15261329149226
660957400560960256, 26943992.172001407, -23334721.3202705, 12102093.146646319, 3.2118046902036843, -0.05406056347631871, 0.09843341798349314, 0.15063368682797
660957980380034688, 27288187.479204305, -23679862.948740598, 12300165.148287509, 3.2040636613663134, -0.013082010681729983, 0.18844359458999627, 1.4376981028091
660962863759344768, 27182088.071789734, -23610403.93135332, 12322518.710728724, 3.1778168446475146, -0.2685021004396999, 0.14443727358932845, 0.68525431262495
660965097142415872, 27068285.821706004, -23624172.43699397, 12281421.731146283, 3.129915370943341, -0.1046661942167475, 0.277282956937035, 0.135131432433086
660966883848803072, 26867274.099747792, -23468293.47562069, 12258358.18283023, 3.2190495104603225, -0.03580802146609674, 0.22475629021442778, 0.214994999446345
660969666987531008, 27363763.35554185, -23833239.957788795, 12483120.828503633, 3.294951391138785, -0.04697090438275442, 0.3211638490224571, 0.380243200753709
660978669238963200, 27380279.9514197, -23289791.388861135, 12145693.502490649, 3.1861684384462805, 0.03412375604884321, 0.10573506736957139, 0.187755465384514
660981349298550272, 27596651.55819628, -23485381.98215555, 12295949.314844219, 3.2119893862725504, 0.08675265978209801, 0.15580254811600902, 0.230266748426050
660986297100929792, 27185365.511603877, -23388739.788383897, 12250094.803304251, 3.2604264726306513, -0.07165175322744322, 0.19790949311811712, 0.29670876855635
660992344414836992, 27550968.844835673, -23300304.135425918, 12247195.061555667, 3.2321736625093838, 0.07948948175491122, 0.020940931075753344, 0.132655094189867
660995230632845184, 27192314.89359067, -23124290.81240377, 12201618.694202948, 3.36462207079738, 0.663088209592138, -0.17030924950032267, 0.6556778638563
660996020906770560, 27650382.26950686, -23337038.864759214, 12330313.529397948, 3.0957538408596426, -0.044529798442415114, 0.25033364173584394, 0.46823457797303
660996330144479616, 27377016.48326677, -23170905.442379307, 12242121.10440649, 3.1147437088400602, -0.03884812994366005, 0.07147751956625026, 0.166959777008125
661004400386393984, 27557100.976389986, -23406448.157945607, 12402809.888670048, 3.258846606911044, 0.13727108542054367, 0.07757763379960725, 0.63496511904855
661026012662301568, 26935156.231987637, -23402755.634782385, 12475752.39039489, 2.9752317845138596, -0.2596205702382326, 0.27378146111707746, 0.094119711810896
661026738512909440, 27366076.46088158, -23438977.04707354, 12433033.569733774, 3.1658929454133116, 0.03375807777765605, 0.23993663986629432, 0.218253720316235
661029384212747392, 27387501.45577594, -23606823.38565242, 12568355.957181552, 3.1982050676210134, 0.030675235530527978, 0.3414291622072527, 0.79859509880836
661030204551377280, 27567530.34363227, -23672525.341974854, 12641909.02808702, 3.7445455354055337, 1.0767490891121785, 0.9640934497898352, 0.0552994189421609
661034155919816960, 27575816.128684103, -23594666.974869937, 12647891.949663162, 3.159685098496409, -0.05916030689081353, 0.31610267263545433, 0.53042516858432
661049862616788992, 27031205.303066287, -23772357.76337647, 12396973.878241772, 3.196258337272652, -0.3009123409835608, 0.1567876903724934, 0.4981684076512
661058207738917504, 26810154.232890736, -23808038.35203449, 12468350.576476669, -0.8703913466604218, -3.795254162070207, 2.040303173740558, 0.053000192320883
661061098251203968, 26562154.031622585, -23620400.386590824, 12417985.177827574, 3.284570094261924, -0.14690487875138825, 0.09105317019563053, 0.183050730758381
661068932271565696, 27209492.677124877, -23955346.69501671, 12650442.991525926, 3.292141731970445, -0.07149866604618271, 0.09819684047341637, 0.16312736450446
661071436236156672, 26562541.268312052, -23519918.934823062, 12399509.612321643, -4.162779852999632, -10.609239657191182, -3.851144374961415, 0.118157433433474
661095350616812032, 26620150.54321639, -24031040.59406633, 12744350.766673438, 3.485633464035393, 0.084431220588157, 0.2921087510603475, 0.0608561925394905
661098550366013696, 26780793.874578018, -23842554.85723166, 12645419.57865865, 3.2068492751793247, -0.16353269125798064, 0.24235371744489598, 0.167470052781681
661111538347104512, 26823145.507852074, -23896031.393494163, 12823369.915464554, 3.264652964027298, -0.18273980332827744, 0.17618609008113983, 1.19264186737559
661133425500359040, 27161044.19161115, -23519696.24430377, 12657423.406112393, 3.4563381440753798, 0.12159807511754916, -0.08562607833256797, 0.145322326507094
661142393392058752, 27255461.952160913, -23803762.231477756, 12853325.292236092, 3.3976274994280624, 0.08978642736123632, 0.08781865964363123, 0.175786856742890
661150154396988032, 27011994.660134245, -23909206.65077395, 12795355.77850172, 3.157577443694485, -0.18648783613023934, 0.238027986292638, 0.212366867803684
661156858841945856, 26571092.84501282, -23561296.899587203, 12721780.921162434, 3.2239448401336297, -0.3407478740171834, 0.25107250616658794, 2.36739050370814
661173317156579328, 26940047.094377883, -23616094.635608662, 12908976.087241076, 3.1862697617274134, -0.1652486261030104, 0.11405126325584725, 0.17282466857689
661185755383916160, 27598695.2962479, -23254641.79566823, 12381433.158716371, 2.720966649067498, -1.4020048717219389, 0.6778243698706947, 0.312014049584484
661186683096853248, 27497584.421397056, -23121732.347111434, 12341593.725587828, 2.994389192743473, -0.3895035583265303, 0.3412078638842724, 0.51401190603245
661189706753828608, 27364708.769991685, -22998398.97287814, 12295970.750869393, 3.0184615925114326, 0.06720962928613083, 0.40584655997355545, 0.241180560502216
661190015991474688, 27476461.608679436, -23061152.38962925, 12351436.172771499, 3.139026235963823, 0.07436462501675045, 0.135443488496227, 1.41160861574084
661190153430426880, 27844813.233431935, -23384163.167894475, 12538081.376539623, 3.2914580702305605, 0.5842406156171971, -0.2640185801588939, 0.70836859763749
661195955930533248, 27608855.777124338, -23468283.63928719, 12563229.49370227, 1.1691209867226442, -2.636069108910453, -0.4470225654838109, 0.06611056334835
661204167906246784, 27737701.22596373, -23204671.60526285, 12533919.996479765, 3.2817610404185737, 0.19693760046125508, 0.0114161778740125, 0.114119434936600
661206577385260800, 27328577.49560604, -22924713.83020281, 12422925.514353575, 3.0958243345523417, -0.14282111617609594, 0.23941006154995836, 1.71728452252769
661207024061875456, 27633457.74427724, -23023780.203336168, 12466001.900706565, 2.953030008734212, -0.263622911782992, 0.3200354261270495, 1.2446865520635
661209566682500736, 27783809.914212544, -23267028.46414756, 12632473.434590572, 2.9776455778733473, -0.2845716507220102, 0.46788547979926287, 0.346741316331059
661211142934329088, 27391437.898029655, -23056404.29283668, 12454840.834225245, 3.431847713472625, 0.4333044949264573, -0.27500216822047907, 0.357635949852606
661211147230556160, 27545106.588354692, -23185877.297287706, 12525211.873151325, 2.9802298039761697, -0.4671873617026536, 0.3773933402384553, 0.42345550392726
661211727047722752, 27337978.353059545, -23028213.197444107, 12461074.13692042, 3.0567418499579926, -0.044718836535471596, 0.441326835894325, 0.64809735772810
661214136527890944, 27476538.33520473, -23212779.57016377, 12603008.701658968, 3.089480677186847, -0.13627369754813135, 0.108538115309464, 1.68872320626718
661216369910684544, 27378671.200632572, -22994869.819631975, 12526029.410835916, 2.959801945569244, -0.28162919961631516, 0.44624075404125074, 1.1117323041152
661216743570426240, 27479000.436736, -23031394.784865472, 12564881.830869813, 3.104955519305333, -0.14200099322864634, 0.03376876171897436, 1.37676566124919
661217331983355776, 27717203.593060546, -23275520.070447147, 12708334.83977306, 0.7548740059189512, -1.6637103829166566, 2.1670819817789826, 0.145788761373138
661220969817342848, 27246816.78777622, -23251587.843209833, 12513816.68141688, 2.76772488047028, -1.0793409611204456, 0.6698234157025849, 0.97774149216179
661222073627319296, 27506453.520767905, -23436902.383027915, 12656619.518511672, 3.125601670795992, -0.1693037529404613, 0.2921304376211764, 0.33605098193969
661222279785743616, 27202478.773783732, -23272337.691112924, 12520509.295930304, 3.125199273746218, -0.20846061152338802, 0.3122646683045498, 0.78868229804094
661221828810801408, 27006556.542979438, -22994492.142167278, 12397501.884928873, 3.217760337222672, 0.07565209261649652, 0.36503285576296873, 0.60711582545895
661224581888230400, 27638181.31677035, -23460855.24098375, 12667881.9581025, 3.21807427682408, 0.05876752535155205, 0.07196150279114288, 2.65228018693923
661229976367125504, 27410551.092561062, -23492937.86523466, 12703649.203154637, 3.3225939011358028, 0.17937016249831572, 0.18550682161636178, 0.143218861198882
661231625634645504, 27392806.62888569, -23621364.970712177, 12784013.27070514, 3.450484778192973, 0.5759443005466296, -0.08141698024734367, 0.35214930079882
661235027248663552, 27507068.316457167, -23488067.88408298, 12804526.849011594, -1.0925515057670034, -5.731570126269365, -1.2138795033381111, 0.129516048288080
661235989321322240, 27450179.9414592, -23585463.580927517, 12846560.895050744, 3.194233472515858, -0.14282149095152707, 0.3115632029677271, 1.58889703876287
661242895630246016, 27582304.968240894, -23324276.180055454, 12779554.474964064, 3.0147997126908512, -0.18647311948402656, 0.26577736528328044, 1.35889318708671
661243273585807872, 27490159.569013376, -23144339.93978365, 12700568.497196583, 2.945217023221576, -0.3973456926071961, 0.2945773313800153, 1.20907604985036
661243307945543936, 27412384.87023118, -23088480.42301159, 12674565.528149374, 2.9519390405451222, -0.29913696961158287, 0.4085600856420015, 1.54196889740094
661244647975316736, 27140294.78870109, -23014151.691043712, 12621764.07049613, 2.7346743102925926, -0.9773776567096126, 0.6431440845675911, 0.265427629928004
661246022364851072, 27211645.759388704, -23023637.196254592, 12678768.926795844, 2.98426614840821, -0.46154473667841245, 0.15506162446384986, 3.8647820344360
661246361664703360, 27228875.734192092, -23186351.900192123, 12661436.202941885, -0.569792166903343, -4.657033168442899, -0.37437118030074945, 0.081232040160080
661246675199973504, 27468861.76896073, -23382540.564870622, 12788732.853527253, 3.181182332700558, -0.0028111529092589294, 0.2751491500274219, 0.54581101945482
661247602912908032, 27141604.91519611, -23090837.18042998, 12654024.305467099, 3.20130393800829, -0.012019778179308105, 0.0133789376481106, 0.135360831450103
661251210685333120, 27442443.63891486, -23301737.969794437, 12835490.689426174, 3.058562999273339, -0.35941668385482384, 0.3331165682636872, 0.30649786447078
661251966599576576, 27401874.235543407, -23265496.036741607, 12824404.828200994, 3.141099628416065, 0.004384441994898403, 0.29764247317987236, 0.54446596762082
661253478428045568, 27228284.16578942, -23240874.679256193, 12810328.536012392, 3.1804289315542755, -0.057565115802850286, 0.09156913147100054, 1.0836427863069
661253993824132480, 27551346.09943782, -23436757.7406028, 12930097.201750902, 3.0939403508599934, -0.044265802640317986, 0.18677570413911804, 0.069377974287224
661257154920147072, 27652293.591058135, -22981923.567588955, 12580101.509153228, 3.1426736140683573, 0.16984596703927402, -0.026807153062068156, 0.302070429059002
661257704675956480, 27347123.318837203, -22795630.456692833, 12458225.964915259, 2.954765584217954, -0.11244508671430165, 0.1264882183487921, 0.251367993236553
661258937329286400, 27544317.55338539, -22960385.65047294, 12574881.346760783, 3.098662123157628, 0.06469308160220688, 0.13599991944302747, 0.120090506237655
661260212933886464, 27530817.87401778, -22866576.581328258, 12539408.187099876, 3.0792439545391552, 0.03927149024155874, 0.09077476127604944, 0.126106364250543
661263305313199360, 27618317.86337786, -22906853.17381359, 12651203.05198994, 2.7884097403336208, -0.6951294383614375, 0.4847229111461502, 0.41935462782236
661264439184662016, 27310809.786381546, -22868162.883950964, 12520917.176984595, 3.058189268359116, -0.060930137790979444, 0.13669877471938374, 1.21126045595371
661264679702825344, 27651618.922200505, -23178900.066495623, 12706989.865533164, 3.025634213491846, -0.04372235193032381, 0.1628205186981342, 0.178130604893434
661265229458645120, 27799662.564246956, -23229401.630448546, 12761120.033868505, 3.0290259954242766, -0.02301454881472509, 0.1578234683052404, 0.194598939811296
661265951013145344, 27636913.868611842, -23115988.593075447, 12716950.051426595, 3.028926162784306, 0.19334829238507822, 0.18282443939236748, 0.69451313462086
661268253115601792, 27562135.929923475, -23119624.550466225, 12768631.27257618, 3.0657769615344974, -0.05291264899994186, 0.07099421901873049, 3.08097116897232
661268940310277888, 27704535.535664488, -23126744.76353262, 12750794.62878683, 3.0812843352876786, 0.08980412585358977, 0.027874288007670334, 1.29483191923144
661269043386545536, 27541245.419947423, -23002689.698425215, 12688496.144269852, 2.973571210794521, -0.25120187518805714, 0.3300013191075144, 0.93684700821830
661270486498500352, 27574066.710958224, -23056907.89556472, 12718070.843691716, 3.6704576951417893, 1.5308404326829947, -0.9028793007277969, 0.367054223539810
661271238116475648, 27323775.38974325, -22896221.161893204, 12659231.537384544, 3.020337674625206, -0.11640768674564761, 0.23311702770081366, 0.86385227145133
661277461525418752, 27849024.962798733, -22911318.32981268, 12726667.883527229, 3.068397860380081, -0.11473571128389626, 0.06448580018679317, 1.22674069630429
661278767195471360, 27867212.271744974, -22954433.33162899, 12775093.181571936, 3.023649233376897, 0.06903103806590405, 0.1782776301824316, 0.1843716128130
661279042073291776, 27704050.88868558, -22802929.617248047, 12716240.038128009, 3.0731929149839017, 0.17130704154792564, 0.05537551164734733, 0.30674192274312
661281206736808064, 27826760.08688068, -22961466.659833077, 12826312.98653316, 3.0819290541056428, 0.10410588105853424, 0.1365863911043541, 0.1515940689089
661283199601699328, 27407241.180372585, -22772445.349051736, 12668398.274545822, 2.833655338261705, -0.696060911477538, 0.4599172352167873, 0.46518286130922
661285707862587520, 27240049.735944506, -22689187.587894503, 12678431.10041116, 3.0437121817239543, -0.027990922248200434, 0.09013885668601551, 1.7431721857664
661289105178505344, 27589404.43057625, -22955326.496140193, 12868061.846428089, 3.231668013040467, 0.09604985244658337, -0.10181285207305057, 1.83514478008046
661290758744228224, 27494329.73618504, -23132070.632943474, 12746348.747490784, 3.135280418209972, 0.1126510315740692, 0.2239150124503544, 3.06527437901442
661291136701346304, 27613042.022715792, -23262531.986405678, 12817468.974168498, 3.1575822336068717, 0.11325409056136504, 0.22307267586991975, 4.5099067902805
661292511090872960, 27583074.739110567, -23290396.973427467, 12830750.528720567, 3.122279491252686, -0.08602797668195183, 0.12312171371102432, 1.00036341212115
661293812462666240, 27621112.449981075, -23291503.833097048, 12889358.790191036, 3.1499637779780874, -0.19565528171189595, 0.14836998756734587, 0.78566217674048
661294705815866240, 27451039.896099456, -23033957.587964933, 12744546.11984469, 3.042189435951861, 0.045101657602834244, 0.3491863810523337, 0.64979896498678
661295466028469120, 27178414.813055288, -22847132.69935173, 12669791.66540494, 3.337546442085805, 0.7137902974777597, 0.0035392868081469686, 0.225568129579671
661297080936069632, 27462501.429799736, -23118902.73485913, 12832085.600030243, 3.1493734264269446, -0.1316360780550685, 0.02638392010076762, 4.6240511686021
661297115295806592, 27509113.76472957, -23162180.928701956, 12857146.964133378, 3.37637005119631, 0.3161333151006023, 0.2965202916983425, 1.30513412670172
661297321454333312, 27438383.24877628, -23094037.97660332, 12831628.489959443, 2.0206575257607486, -2.9969533946538105, 1.7825289694011746, 2.9235012761356
661297493252924416, 27404395.508270048, -23083797.73404302, 12819786.004902286, 3.000409855489207, -0.20294643418998426, 0.30796807934069914, 1.78151646699534
661298833282624000, 27235253.873649247, -22899522.0487329, 12774772.463449346, 3.084058911543236, 0.10002174743595127, 0.17254796778112258, 0.290418645590843
661300207672247808, 27018347.03221987, -22851043.282825965, 12657989.621673718, 3.1270433492630696, -0.09182373729658, -0.03388114764797523, 0.054334884729355
661302887731820416, 27368250.099423762, -23204036.296430893, 12931092.831007125, 2.556204461208217, -1.645890224230378, 0.947403534984625, 0.95529988072048
661303471844671104, 27680138.879916824, -23361791.044228993, 12979974.692018894, 3.061688600202669, -0.042033963936120244, 0.1731877371905428, 0.193016293309084
661305838371084288, 27425472.86626222, -23253818.105766114, 12966172.744538346, 3.2817628279067526, 0.2422139604690896, -0.08526695985150257, 1.97517078414631
661310756111835392, 27533749.565632112, -23149365.47725389, 12935726.857801761, 2.9507554987034634, -0.33102523709860243, 0.23493505720764718, 0.59938752586397
661311267210542080, 27538159.725827828, -23063516.840420756, 12910853.143652814, 3.174433360732958, 0.05725516481485915, 0.026827455159105007, 0.109454561701221
661311443306610688, 27123875.546227384, -22701251.4467568, 12718994.928662444, 3.0234344160655002, -0.2203785843231465, 0.32795582070600204, 4.0103809153934
661311752544249088, 27387158.306848258, -22982536.896422878, 12876334.597127086, 2.992155560281266, -0.13243527699127622, 0.3497804601245007, 1.35584839732258
661313504890920448, 27403444.874472503, -22824332.197061986, 12827754.871697249, 2.667475955660758, -1.122721346846875, 0.3421786160802043, 0.311716273722196
661313917207778304, 27514460.38042317, -22940297.273173958, 12893701.726358278, 2.596032817565088, -1.4851760499524334, 0.8519673782277661, 0.26283747386482
661314570042801280, 27239862.10593794, -22779794.317927938, 12795462.611061152, 3.074847560101897, -0.06846244971222593, -0.050430148711611, 0.358801970950703
661315837054947840, 27767449.55320018, -23168554.587912735, 13063341.726039473, 2.9938572131424017, -0.16416711436029097, 0.20705725507326278, 0.71461122160073
661317250102374528, 27377651.192871027, -23080155.17159588, 12927226.191763131, 2.8765310346085413, -0.33869393923135593, 0.36710848959261577, 0.92138855243217
661319483485360000, 27450645.200001907, -23198565.96337884, 13025753.555538591, 2.861597424695804, -0.3324448399326476, 0.4628954549665152, 1.09677259842336
661319552204833024, 27384028.35504675, -23171676.01495439, 13010184.876720764, 3.0200470987515544, -0.28745330581412887, 0.24412998595665192, 2.16212025199035
661319620924311296, 27358189.82218315, -23132513.649027616, 12998721.888345096, 3.202966397222104, 0.02802332479040537, 0.027454942702955343, 0.22993465905511
661320067600915328, 27537636.584317647, -23211253.021091916, 13060690.889526993, 3.0617081351653184, -0.007389533351166655, 0.22706705616103395, 0.225464616423609
661321304551503616, 27682331.14963868, -23240659.48979586, 13095955.809464637, 3.312087811175021, 0.13891627081096747, -0.08654562896184714, 0.208936117849532
661322060465742336, 27592176.3119068, -23191636.362173043, 13098391.295177443, 3.0693170575668205, -0.07903249197668227, 0.03740491422960002, 4.0774680568637
661323641013704832, 27583698.03088853, -23197851.998541974, 13113989.701983465, 2.921181681114334, -0.35255784843987303, 0.42192822365616944, 2.10309142020405
661324431287688448, 27373299.188296568, -22990568.685010623, 13016388.977219975, 2.9814180572541176, -0.0772117134577961, 0.3634311690193823, 4.6512812805934
661326110618706176, 27252329.466958668, -23541668.522619233, 12780904.738101644, 3.7403276773936778, 0.47242449187833646, -0.0686789416114082, 0.073506732246436
661327248785037184, 26825843.390943076, -23157545.684273902, 12601475.980822537, 3.179711545225606, -0.12477805140230558, 0.020154746238524535, 0.147066432988028
661331131435476608, 27208957.684002645, -23388518.874072555, 12792474.451708928, 2.5289183201736884, -1.85416883359128, 1.0288151802340568, 0.81585238378134
661333704119506944, 26879872.98751349, -23191942.749809034, 12725487.78849184, 3.061368772799151, -0.21708383174915546, 0.10104662107988727, 0.086795527271242
661344188136057984, 27164691.175621904, -23253678.897903122, 12794582.043381792, 3.19100852370594, -0.1197093959773694, 0.0957717878292863, 1.52663973415330
661347727189029504, 27072196.510026116, -23119486.777884394, 12779029.88150721, 3.058007103347229, -0.10307575118539702, 0.40088676342183005, 0.28551722855695
661348517463001216, 26913311.67229496, -23038501.757892404, 12765780.948623728, 3.190057430650899, -0.03466525452803637, 0.07554867341392457, 0.207986994067423
661350750845994240, 27408651.15568569, -23456107.017186843, 13013271.143966282, 3.328473281627603, 0.0799566598900201, 0.005393187643549346, 0.268933574495446
661353224747228544, 27017498.09589568, -23253222.698900882, 12877535.023814594, 3.1599024642714038, 0.11674278124777349, 0.47465500055250587, 0.2378604047400
661362055200029056, 27194626.429255188, -23699518.332932927, 13033322.764784086, 3.177307096091938, -0.21909312373521583, 0.35083126117456853, 0.429003452460600
661368270016018816, 26957388.376684003, -23565065.46971345, 13063788.802996708, 0.3217890092614726, -5.176234803558847, -3.0380613937578453, 0.119675075006255
661387992505550080, 26995299.847340804, -23607337.970863875, 13189928.42345283, 3.343222471140159, 0.02147697787945102, -0.13137571213127908, 0.442410365185872
661391157898332160, 26608607.525415514, -23296358.846071694, 13075534.100114828, 3.1414746722685, -0.18909673363503288, 0.1981751885775842, 0.63949176258286
661391535855469312, 26854317.290844504, -23383895.838869482, 13113095.92080639, 3.0043051966237933, -0.24390943107328145, 0.285796536395718, 0.16603986969552
661391982532062848, 26755198.74089021, -23337194.14047582, 13085142.879746404, 3.3736034396313874, -0.022171810653518698, -0.05522570651014069, 0.14919121405356
661394525152691840, 26785662.573198, -23402490.25907379, 13186627.089253288, 3.21400409940557, -0.06316953751437904, 0.21966279120525822, 0.165028131668698
661401122222444288, 27516729.460965883, -23383408.608503252, 13102774.511953337, 3.0246060940349486, -0.20911677241026716, 0.2989476200339265, 1.2024597227794
661401358444641152, 27292261.47017076, -23151432.212582856, 12970956.915986808, 3.1498998618210114, -0.10030303151264697, 0.20438134814299813, 2.41686609526887
661401431460014976, 27504494.61006572, -23317785.81135586, 13078125.311765531, 3.1090018260023555, 0.00534093849632189, 0.39981686001242345, 0.53848032811127
661402015575639680, 27141991.594186183, -23075051.616977084, 12949237.244445156, 3.061505731152942, -0.2119082945201205, -0.041598704864914904, 0.244629966520390
661402084295115904, 27384731.66619367, -23271857.013841927, 13071268.464334546, 3.2844985281929864, 0.10907029612658548, 0.05877700863353086, 0.175881064321228
661406546764571392, 27269988.473172676, -23363112.29218256, 13109537.343205828, 3.357526240413543, 0.12437800231199958, 0.028302228480113545, 0.157988667696710
661407375694800000, 26934271.84142099, -23196816.612340916, 12988190.506538581, 3.0722374062171047, -0.1306308003161627, 0.22492574106744234, 0.181799666420962
661408818803811200, 27227150.274049755, -23381035.28742686, 13163277.237163767, 3.1588767388472387, -0.086746540110191, 0.17770460797687404, 0.493155184374534
661409609077800960, 27442562.852007788, -23495543.20840683, 13214979.895114321, 3.054970008553858, -0.12525242082224608, 0.22775747530859336, 0.463871273203241
661412495295816960, 27059272.578987982, -23184310.492241517, 13097424.479402727, 3.3557629614656177, 0.07095672140090592, -0.05674611833212362, 1.86053888461397
661413800965826688, 27469666.385102212, -23233844.06501328, 13093830.924273659, 3.1404498786907817, 0.024487714929975368, 0.15797420299731169, 0.189915299468645
661416274866976384, 27010069.268669575, -22975431.6973062, 12977809.046576442, 3.0732252341141653, -0.15105683870721442, 0.05308311720501324, 0.137593336070027
661418405170762368, 27078609.203742683, -22903235.4489756, 12971587.60662402, 3.17777957648624, 0.09798412432153647, 0.2129307985870339, 0.189982045502428
661419264165477504, 27466679.89430952, -23123197.81502427, 13143776.244661717, 3.0143948982889652, -0.2805595938197101, 0.31478991284195823, 1.44956084341609
661421939927520384, 26933289.008951593, -22794099.91813567, 12991787.936087439, 3.072369928799243, -0.03695171449780332, 0.20525427655698847, 0.114792774873104
661422764560767360, 27049484.95651568, -23078974.051938407, 13053884.636084134, 3.3049199352680643, 0.3196972815552095, -0.04355169108459922, 2.2717787140640
661422837576998784, 27319357.349981576, -23305280.447819643, 13188552.562775673, 3.044631570151206, -0.21356659619893126, 0.40910114633013306, 0.82007011572660
661427063824818816, 27485564.922030434, -23350246.91591291, 13304509.696849411, 3.062285774535051, -0.1991705748075132, 0.22981692938126308, 0.4340654375070
661429675164926464, 27211779.12511468, -23213254.93603912, 13263988.16875906, 3.1635674385346926, 0.03599267464204292, 0.23528725310341914, 0.25375694896766
661438913637806208, 26945873.113080908, -23219777.21413045, 13184455.590940082, 3.231534397618029, -0.188441901763162, 0.06136369108701256, 0.9676826489683
661458979725746304, 27299922.382784262, -23506138.70507881, 13484061.688091682, 3.121500266607779, -0.17635192484318996, 0.05665480895982622, 0.089286345638130
661459774295768960, 26849228.57881795, -23260426.965472687, 13308010.353014745, 3.0325334007631386, -0.6286273257860904, 0.5237727267998173, 0.276976980070707
661460083533415040, 27229471.893978316, -23548712.087117232, 13506571.067535939, 3.1511052637969446, -0.13168344987000946, 0.23051659597486074, 0.370009889491633
661491793275861504, 26669862.224122506, -23979634.051943623, 12960206.321533766, 3.6166772043739535, 0.16372779075482402, 0.1264230290689814, 0.088301093632964
665129291274749696, 27335922.93220786, -23060441.829358008, 14132140.447705664, 3.0168490491439126, -0.20294896248602257, 0.3386191010713664, 0.89737907518360
662632540886348928, 28534977.506965037, -22504772.16419188, 12288630.079451928, 2.7333840644513296, -0.4140578185433581, 0.30446350040611714, 0.57616575831551
662633743477189632, 28349811.48413734, -22334557.760038402, 12239068.779623996, 2.959608908521977, 0.12120432517892699, 0.04923390764089497, 0.614375302974
662655183953995392, 28336994.01108851, -22357594.25811621, 12379288.43146874, 2.8545528049278936, 0.10812599131900846, 0.13357615319862814, 0.237878382959564
662660578432827776, 28149434.72579568, -22241304.99518422, 12377372.043569526, 14.680475890296114, 2.493462912204901, -2.2315387845106205, 0.269845480454368
662765100756538624, 28219448.388546754, -22454869.887015175, 12645225.420592714, 1.9983167657543577, -2.1906502325650195, 1.5697670377550543, 0.272962994205306
662775266942252544, 27804860.744550504, -22569933.92256664, 12595932.880405389, 3.242238394584966, 0.31077863901704106, -0.03725778486707432, 0.130033419567445
662776439470251136, 27822178.975215536, -22577713.667723574, 12635504.02889048, 6.138730764219277, 8.697633567587545, -4.861628736685217, 0.251786293665961
662784307850315648, 27686569.856334418, -22585798.37771327, 12692485.587891972, 1.7486532489558853, -3.1055909759885116, 1.634646480596067, 0.373208737391367
662787468946178176, 27788962.524558492, -22383732.094218533, 12586100.40002326, 2.9740838216335583, 0.002959859818642663, -0.07886039343710438, 0.088508109270534
662799009521584640, 27841101.05872434, -22502613.74698976, 12739730.563157955, 3.022518524786622, 0.06972396129540304, -0.022747713513629808, 0.148204953261204
662800456927247744, 28031452.30216948, -22649237.77473396, 12861350.932578823, 2.9703709763381037, -0.09283480128672039, 0.27320049460749374, 0.64045465010206
662805061132155008, 28202279.407355905, -22292613.74224917, 12572044.56977714, 2.9093644804692227, 0.09668126516563014, 0.020915286840732072, 0.177729452532333
662806946621949568, 28314047.34697417, -22416444.993163746, 12671403.894713834, -1.4393090030219613, -5.307052869708873, 0.19786349306004025, 0.056033051370586
662811653905586176, 28376896.61256903, -22429427.878281157, 12759494.459991721, 2.823619277228646, -0.10908330394364185, 0.19807211454377072, 0.51342710425569
662828528833373696, 28303634.718640536, -22203427.811581746, 12756827.959746802, -1.8940642826703862, -2.629574326890853, -2.1658235814590165, 1.38406429791509
662835018528054784, 27832473.35359227, -21950532.77751558, 12658702.461789843, -1.243883230731611, -4.059966521493097, 1.9361578798351, 0.050433542892317
662835469500520576, 28059887.71625386, -22049825.395544235, 12737802.68270778, 0.32093396117327666, -6.067091726033277, -4.9942258796485675, 0.133847985030934
662855810465648000, 28140918.957476605, -22642436.65592101, 13085466.296355134, 2.9805915686852007, 0.04509940268141843, -0.009036441086537561, 0.24091053351697
662859104704260224, 28229331.535464067, -22535455.102482297, 12999707.400109049, 2.7281114895228713, -0.3116039166783251, 0.3882044827679971, 0.59742018760147
663016991999188480, 27886380.695055623, -21824780.472957328, 12618727.188387418, -4.456017267537041, -6.288806768616928, 5.16237059394122, 0.113306501827745
663017610474925568, 27954197.662262212, -21847799.689483423, 12633817.371777082, -0.2637466745609294, -5.555569985915254, -3.7219869036119193, 1.39302558277088
663052962348209664, 27888538.537730277, -22099066.341470618, 12917035.544454843, 3.03874417634414, 0.23100069946409096, 0.02510968234687949, 0.106489897593127
663055818503513088, 27999081.802508194, -22046941.1573316, 12954430.624728212, 2.7727172602386574, -0.2281456128423196, 0.20924249983606202, 0.6172052317101
663070352672827136, 27720941.927474976, -21877696.04035617, 12944095.230268184, 2.6740940077810764, -0.4185076068040807, 0.38716199628636927, 0.475379116362139
663070971148025728, 27806443.83983202, -21919339.844082255, 12971658.53806671, 2.9092209720204987, 0.060250625976167704, -0.032863276959530285, 0.122687838373472
663074334105710336, 28233843.860099163, -22205164.362562872, 13195468.117080549, 2.8356285274305284, 0.104520188023276, 0.17830789531868252, 0.06975594661110
664281018054115968, 27503059.88350124, -22558959.717610464, 12587301.690476406, 2.895854324503307, -0.28385633625279905, 0.2940826305720816, 0.50650695156978
664281396011231744, 28031691.98981386, -23013176.97770033, 12858635.835223116, 9.942165064713048, 19.522839356557174, -10.988027742578739, 0.286270250986278
664283079638402688, 27765550.989298504, -22778191.08516079, 12800550.732395992, 3.090471363426652, -0.2214045674372649, -0.023876792313019646, 0.91548059445245
664286481252512256, 27578272.543192975, -22539051.92347405, 12685950.607408026, 2.9712307686669757, 0.05306817391030627, 0.18107437793877956, 1.89158452841377
664288748995228160, 27701503.344299205, -22694460.456142318, 12821366.787819369, 3.0739707592323686, -0.05770080313215242, 0.07622235359418594, 0.96219943793330
664290948018472064, 27932277.775862046, -23038150.87072894, 12962311.934951777, 2.9666562593246724, 0.010827282586948428, 0.21827472836032547, 0.21903507445412
664291252959293440, 27690473.17643281, -22828679.2975283, 12863064.301489681, -1.020871831669323, -3.164701264811826, 3.162365511786548, 0.098040367249631
664292322407994624, 27448419.05450381, -22719731.32201104, 12803825.895974625, 3.243233873474729, 0.7736727184275338, -0.15137280226292948, 0.28931031871289
664293387559886592, 27499505.638007175, -22715534.888215054, 12834064.407480879, 2.86459352587367, -0.503388517281774, 0.0708573844431779, 0.293786397676121
664297064051880832, 27435289.455017645, -22715246.73179981, 12867304.256887443, 2.91338063677619, -0.18847672076571698, 0.3643766689607779, 0.48405475589496
664302424170984576, 27765247.843047548, -22723731.67788671, 12919670.254928788, 2.950704918122943, -0.06359086239776346, 0.40279487918928725, 1.00794019654204
664305104230586240, 27820406.939132247, -22619395.151392236, 12954804.578713063, 2.970339532155638, -0.21114882916263777, 0.07772809893965471, 0.35199761142996
664310601788795392, 27562007.705552347, -22724073.001087755, 12986538.392195608, 2.9643438464124454, -0.010295799170633835, 0.19052663892841526, 0.173152628972957
664311392062657920, 27770403.913955476, -22865193.138012763, 13083723.293208703, 3.1082944272809403, 0.07426760385273123, 0.17497200177540906, 1.02305822981244
664316644805338624, 27593323.632139347, -22929305.726150513, 12960529.371211471, 3.130993469984794, 0.04717349546116445, 0.018189649165946786, 0.10798358864012
664320497393421952, 27424698.002050098, -22857803.917061478, 13009737.814944334, 3.298857175644912, 0.4844806592214739, -0.1655099510230058, 0.302529256608929
664322421538783104, 27402427.01823378, -22715684.279657014, 12947710.470167194, 3.0861810983152176, -0.15472523203626665, 0.22263647246452267, 2.53949395581242
664323761568567808, 27157084.902659222, -22596904.624293957, 12889178.104018684, 3.45410031212302, 0.7101425104399914, -0.25545512373451507, 0.43751206287807
664323825990708352, 27718929.62444055, -22989684.388600197, 13104710.321240725, 3.028405413481445, 0.06947844261309921, 0.2589769025798332, 0.102917545146317
664324684984105728, 27613051.13820823, -22931470.774526943, 13112083.632693654, 3.1121698764281422, 0.1653597303854495, -0.11329298673245969, 1.1698307483439
664326922664482944, 27661763.47709551, -23109622.05242529, 13168411.276073242, 2.949486898866655, -0.22682370613842195, 0.33640947525648013, 1.37385881250372
664327128823010688, 27290582.576619264, -22896249.868513696, 12987871.935298566, 3.0355560532212063, -0.583347931265723, -0.11967490718532181, 1.85332163600416
664327438061177344, 27662807.205303382, -23194793.32319073, 13185800.344640842, 3.0983771471646535, -0.039379523935709315, 0.27106759362936206, 1.43961560537487
664328709370869120, 27554849.425461616, -23070672.807896614, 13168609.729130564, 3.0844735751357146, -0.11443154348399975, -0.07479904370010582, 0.213992870829757
664328915529295232, 27380463.01478763, -22979198.493567035, 13106126.119633615, 2.988578000409569, -0.3716214401531621, 0.2034972177889478, 1.62886855652747
664329190407201280, 27587495.97895369, -23142955.97258886, 13218996.666031444, 3.1106337630144445, -0.38400431331084306, 0.32317418587571023, 2.0532221151329
664330839674663296, 27237239.002618793, -22670376.989067093, 12980267.812491193, 2.968907411067094, -0.1524959204826466, 0.2876003973803236, 1.76223424318949
664335684397673472, 27564154.292955432, -22748983.27116341, 13053268.962642321, 3.0940504521762024, 0.14176904906077592, 0.19529340134759465, 0.147751948138366
664337230586013312, 27272348.34293281, -22562515.35494208, 12957155.16190102, 2.9483344463344823, -0.17493767597494525, 0.30436498845143367, 1.2508186113939
664339910645611776, 27419394.727563925, -22584489.65098913, 13025363.120813737, 2.9998100817851463, -0.06529175575017909, -0.12991599786120345, 0.29427764197591
664340426041558272, 27415342.42930046, -22641084.44307265, 13035518.46630937, 2.895902843127309, -0.05168050342102681, 0.2855368002608536, 0.119227947994383
664342315827162752, 27220212.33708326, -22451717.753884383, 13001532.417933213, 0.1509895811064521, -9.831823733900379, -10.866810892814238, 0.274208031581441
664343896375336320, 27657453.31043484, -22931148.043344524, 13197832.635351619, 3.2387937930310375, 0.18217935578483768, 0.015570973202900351, 0.224353429996037
664344274332354304, 27371648.725192174, -22748359.63482105, 13108261.338822158, 3.094576681225184, -0.0015519190527948368, 0.02619286848547553, 0.206518434598181
664352245791631488, 27786274.925815217, -22539002.759422243, 12935869.256037403, 2.9512968257741563, -0.16729478072402681, 0.22591351451697594, 0.32898969533909
664353379662996224, 27997115.1093203, -22686417.63487983, 13058828.929686423, 3.034003094867937, -0.007895211905581512, 0.047772548345581534, 0.410383220675945
664353757620108544, 27769096.2956692, -22598682.32282577, 12970978.597690953, 2.773167897617185, -0.7242548205115575, 0.34673691012562147, 0.26981437430699
664349874969575680, 27675046.029995717, -23040388.42931061, 13355301.983883504, 2.985256529741387, -0.37476980198628507, 0.15140844788490648, 0.28457466731976
664359942372888448, 27496958.2241089, -22264625.989306424, 12932013.9883508, 2.9710939929720404, 0.06710383718528767, 0.12282276226925903, 0.16690539019300
664363584505245824, 27759459.788528383, -22695181.67563776, 13123991.67241318, 2.971744963932476, -0.0257593722578342, 0.06369149868937596, 0.256213023567736
664365852247875840, 27799909.91923548, -22586902.22387881, 13121051.208212966, 2.921234686220429, -0.019451607335677856, 0.11695412688195361, 0.148877341849482
664366024046570112, 27760489.175230168, -22533064.829509825, 13098572.681153767, 2.8281177922944476, -0.3014180813593397, 0.4041068038690634, 0.31655745670119
664366779961036288, 27869661.807120748, -22722119.632988032, 13175939.952786312, 2.867177635064552, -0.22108111361647875, 0.18322963875449272, 0.91264543264259
664374613981190656, 27656117.899902374, -22180134.285190415, 12977265.284696644, 2.768820070873076, -0.4598979859136678, 0.48481571133223067, 0.290389989632373
664376435047303168, 27817336.745102514, -22419074.48581184, 13142345.5012694, 2.9422997603923164, -0.12074218812278836, 0.10392955434917583, 1.34754393724322
664379974100333568, 27914565.08905705, -22678050.220927242, 13236582.48099288, 2.964901308944193, 0.07860203875870564, 0.19542500270754282, 0.2484997200360
664380867453522432, 27369625.28192072, -22278639.230678316, 13037019.329557646, 3.001197264880904, -0.024073060127749457, -0.03336673337756224, 0.244174755952365
664385059341602560, 27358011.29982958, -22211469.70824863, 13064409.724836987, 2.872935885935229, 0.013339367301393068, 0.10527107215450249, 3.08987178560459
664388357876585344, 27345294.330215167, -22458397.932917237, 13036203.098000102, 2.751443449179293, -0.9251864176276223, 0.758319005519362, 0.340586393308557
664394439550157312, 27790994.938549355, -22791133.33989571, 13334649.905233266, 3.2317164487148275, 0.5414455414383945, -0.2773232809888899, 0.328961559556804
664399078114921600, 27732349.455771714, -22933207.312454104, 13417555.908093963, 3.31265648096131, 0.8290805773604593, -0.5690027303015255, 0.3513847413519
664401960036152960, 27518280.09788037, -22711365.58032216, 13297262.91614971, 3.041365047089193, 0.02165676891972179, 0.1605580704144769, 0.89687647024561
664401964332947584, 27187844.68304636, -22438967.04050613, 13142297.706165815, 3.1970653974691547, 0.4125950795845199, -0.09326469574034846, 0.26561975882780
664403991557398784, 27634027.462969035, -22830192.874120824, 13450198.62849233, 2.856083682244079, -0.5015927445505763, 0.27619706536157773, 0.977642639878
664407427531262464, 27613928.182413522, -22561028.045873173, 13265851.702805473, 3.0236663797138505, 0.05995893996416779, 0.09282924272767845, 0.38856590560619
664414505637352832, 27575759.217781268, -22598532.48689828, 13355179.369625518, 2.964193499270742, -0.06872202817501005, 0.049643445349004445, 0.108299976104933
664417494934591488, 27433346.872101527, -22455834.50156665, 13286594.216145324, 2.9671253129841872, -0.2878495521636326, 0.12622240056839518, 0.400192278465824
664425054076741120, 27600826.431773353, -23250739.66226054, 13316438.368697118, 3.0323022047653785, -0.13094402730512478, 0.07559780353860379, 0.25329173797659
664429005446645376, 27539057.650722276, -23237470.008207396, 13356372.234698642, 2.9146533234760827, -0.5363169557498155, 0.44886171452360824, 0.37534749638559
664431548067327616, 26982960.642134774, -22879921.591083214, 13140835.494037166, 2.9170206847466567, -0.8345261563642161, 0.3913630923195637, 0.29257235837102
664437286143573760, 27313306.636577956, -23131223.41834838, 13351949.971472766, 3.1965321673559672, -0.08936735352642255, 0.06888505943152223, 0.75489324668798
664438248216250880, 27174848.362267684, -22963660.058805343, 13287887.696070515, 3.2259403636770942, 0.04668759394987543, 0.028583299944633822, 0.228399517455254
664439416447387392, 27252854.252223037, -22807110.869809832, 13142600.513773842, 3.0277048950428735, 0.06707572900152226, 0.3612040037220554, 0.163215639405865
664446700711823616, 27024722.322524242, -22621452.124553535, 13172787.294588432, 2.9536222394423204, -0.12251560873822331, 0.19537575657017792, 0.192360745065880
664449135956638592, 27020604.858861893, -22764355.99504404, 13233770.851404335, 3.740057413618392, -4.432372896417599, -7.201892645428812, 0.70547281552451
664452954184200704, 27447448.48046343, -23011716.349614978, 13434533.064777922, 2.9815173214814195, -0.28733776349825924, 0.23020441436052463, 1.8070781416125
664459031561436544, 27033660.71804823, -23027887.982537072, 13326060.81417583, 3.1361431031158653, 0.015585824355636824, 0.2472857765213794, 0.125503364928130
664460685125455360, 27015647.864483807, -23051834.851317335, 13363674.267674506, 3.2472926101007484, 0.06627370090052409, 0.12998885019362083, 0.115707467684967
664461578478588672, 27072518.60645536, -22977618.338189837, 13306278.045702, 3.120628661020356, -0.003063149310790436, 0.20698726276976265, 0.162930754279296
664463502623929088, 27055465.431509428, -23053494.524483904, 13363685.551443856, 3.0625557225018136, -0.12902488066743878, 0.1512497647559221, 0.17453563237867
664464808293984000, 27393408.879585695, -23327261.23492176, 13575716.72676726, 3.038937277025263, -0.31476817262871837, 0.2551766677342173, 1.66147375953095
664477968073854720, 27198062.554751415, -23072466.993644446, 13506659.74786228, 3.2023402003788997, -0.041291532618801696, -0.020983175298378676, 0.225531563218131
664481743348692352, 27213947.88348372, -23093628.476283852, 13568907.486422924, 3.2459127268685823, 0.060836282389586493, 0.07260440277358304, 0.098518290179222
664487623160237184, 27140150.287112407, -23197427.5106465, 13680568.862671902, 2.3486270538491874, -2.03836685176441, 1.320530846735969, 0.31070510404804
664489508649639296, 27079024.721766565, -23004234.49257232, 13596087.025638638, 3.1389276225092715, -0.030251026268910408, 0.14878811214375087, 0.102366140223232
664497209527231872, 27706178.62648834, -22995528.935725797, 13517039.721636081, 3.00952875079813, -0.13409696580075536, 0.20793702493259314, 0.73900751428592
664499954009909760, 27410329.479176525, -22748576.648668196, 13433006.778223403, 3.0203370136746734, 0.01246964110228177, 0.20691084667112136, 0.141033391288030
664502084313453568, 26998814.881576296, -22561163.595980197, 13263922.407302571, 3.129443531522294, 0.14950909139272284, 0.4407225699873014, 0.80698451534760
664506143059189888, 27269140.471009474, -22739996.35269012, 13444572.77749278, 2.4941612407935936, -1.342189586466617, 1.0505868301776786, 0.269028718813157
664509987053483008, 27573218.270724755, -22737799.827140003, 13448557.845683679, 3.0533107618859248, 0.04830223589134075, 0.13215980115109094, 0.114550498803489
664518856162322304, 27667073.057316054, -22992505.76879357, 13656564.515913768, 3.1164669787164136, 0.0305776164861582, 0.06132993439931056, 0.113421482033270
664538750450860160, 27302126.76134348, -23185776.873385802, 13786865.548331022, -10.70150267989919, -35.65703909015505, -32.35646305212965, 0.1700572268925
664539094048241536, 26960645.897656806, -22917206.618163124, 13626354.894431207, 3.2171424737046066, 0.028159708405008033, 0.10358292854346285, 0.18497054095038
664545308864299904, 27546042.612823397, -23026652.297322545, 13749937.705474231, 2.848890597989362, -0.415581790012328, 0.5053418094905378, 0.55101454196178
664573793087543936, 27655109.244859233, -22325601.413260538, 13219853.143659716, 3.025702103972875, 0.08802162806990665, 0.02617678410003821, 0.162264537343439
664587609999262592, 27895421.02272893, -22224813.362301666, 13351889.168281898, 9.980181891198079, 5.635778604685506, -5.397839680628174, 0.190906811283494
664591595728990336, 27730954.07528952, -22315295.197259653, 13354003.878441673, 3.0100506055748424, 0.10465444001168578, -0.0342616782266858, 2.35113253933747
664605889380126336, 27565950.15775264, -22343279.404715262, 13396384.74725168, 3.367968448478414, 0.7503078945257218, 0.08199776678228599, 0.34215921689766
664610562304515712, 27400681.521527678, -22410915.20438736, 13431631.258059965, 2.878379471365921, -0.10591757067679008, 0.15446590080319167, 0.1854731650186
664625714949149312, 27530879.36102569, -22304676.13327743, 13486112.216552552, 3.103247201456314, 0.14948656322270715, 0.027010989118263495, 0.130577819465842
664627432936056832, 27786995.87973376, -22573574.120020557, 13669002.453059057, 2.960898592604652, -0.036513910159637675, 0.04011909302372363, 0.225723052870163
664634820279791488, 28087652.551091902, -22187034.064750828, 13418478.517738484, 2.9437383920718343, 0.18733490836131406, 0.14797420909179904, 0.207897689507161
664639454547865472, 28011474.37456094, -22129441.356751967, 13422195.831428811, 2.889898793961499, 0.05079034042235886, 0.03888496740849767, 0.13256100621743
664642516861165312, 27632553.106796995, -21995847.649358027, 13331392.70698779, 2.8444105024639414, -0.006778289547508365, 0.11672947531526301, 0.217826962362685
664670176450527744, 27881308.46395794, -22389583.51854468, 13605614.464326965, 2.300792971792384, -0.1433399302497067, 1.0989398507723935, 0.253912089351800
664720238589375232, 27301277.565255426, -22551729.337693404, 13704636.026193544, 3.044743210533058, -0.0430207934483926, 0.03982457049678034, 0.242168133458002
664726045385110144, 27843858.535089348, -22646217.609060552, 13815060.231991984, 2.949726874266971, 0.00810281847667671, 0.15531166263091434, 0.168642949094585
664727247975949312, 27688772.939743742, -22514833.74514315, 13785678.243691232, 3.0345753270187927, -0.08778764326804556, 0.12430846676109031, 0.47576043918458
664730065474561024, 27211486.95496279, -22334230.31193706, 13603509.703341234, 3.0381687659634586, -0.011851257151309191, 0.03893609355901928, 0.171240511296318
664742946079427712, 27618059.780592978, -22886909.561268907, 13896165.587085225, 3.0491040169902606, -0.07103777375383036, 0.01811020380332007, 0.104747022569489
664751982690734592, 27263387.230863195, -22735533.37424278, 13884958.90516467, 0.0951213211127735, -2.284108409975013, 2.266599697431937, 0.066038886969463
664757003509416448, 27102851.92085579, -22418480.149526715, 13736609.07783879, 1.8160838214609396, -2.781405388144517, -1.9823334340680319, 0.23437837099675
664759580489791872, 27522133.69895016, -22740462.4537437, 13980915.092585666, 2.7962671233456042, -0.6650276373988602, 0.4469347396851635, 0.330526989468
664775729566784512, 27388869.97627962, -22261988.65999831, 13653917.631506942, 3.029911846105715, 0.08944757939787973, 0.07391912763794606, 0.27457269351999
664776279322590976, 27162626.749881946, -22122081.986714408, 13581864.662389256, 2.6740324050226105, -0.28136574601196696, 0.2549861187721745, 0.100034692377361
664845308036464256, 26783713.359081484, -23054649.459386326, 13437773.9926574, 3.2615997238177403, 0.013127122513477474, 0.0665702787240261, 2.0733920885294
664855993915098752, 26715314.125318967, -23221672.831621304, 13611149.718226288, 3.060212604039763, 0.6006780468967685, 1.6229590355393624, 0.137676834474333
664874990554538624, 26727572.862156227, -22978541.62839625, 13660579.297868568, 1.2459615961587482, -1.9663968737433208, 0.7292875886999961, 0.079018323662469
664876747197002112, 26975476.95797834, -23195475.724786285, 13850146.856822822, 3.2048354879951764, 0.13073476722010735, 0.1302113695597047, 0.44377966651415
664882416553873792, 26960810.977793127, -23590199.06532656, 13901016.0271451, 1.9162040633306465, 2.256895782312967, -4.721132692232704, 0.43492264026572
664883309907068160, 26796029.742318317, -23454375.614676848, 13861833.620824467, 0.415779106064156, -4.947811835245899, -2.5851383205887433, 0.163613608144291
664898256393208704, 26582935.153450884, -23028695.60540025, 13726121.023801666, 3.1193632290436204, -0.21052632292242368, 0.10114434483585955, 0.173267433204925
664901310113762688, 26807283.556010775, -23207292.03652441, 13859267.609360874, 3.331685117042454, 0.05522598931288947, 0.1300017135838365, 0.079918939535469
664916570133718272, 26932637.00489077, -23013628.383155882, 13721294.979418578, 3.0744354734749164, -0.08072701186987619, 0.26071354948321623, 0.117819174616958
664937632653277056, 26775730.784105223, -22548364.667106044, 13698428.461579036, -0.2319809263570527, -3.1620863432965916, 1.5130541039169225, 0.147550508830346
664950100944568192, 27041913.700114362, -23360767.579103556, 14041661.717820125, 3.3410909527823884, 0.007008509344476721, 0.014160478998015869, 0.0936338053552
661767293953914240, 26867504.34469009, -23587446.010691255, 13292569.212670749, 3.292533376202617, -0.17391748094495796, 0.005982691226340542, 0.84487583570657
661772654073087104, 26883144.677396633, -23681439.533642393, 13402992.763688887, -0.9180881502660589, -2.824477249721456, -2.032303822388559, 1.47065769426665
661779796602531712, 26632829.475922666, -23460899.78102892, 13333780.561176125, 3.1451653501269936, -0.3409931217167328, 0.30243961342376835, 1.54928932371496
661836284012503552, 27079001.610141885, -23541581.907645483, 13519776.976735065, 3.223556179226441, -0.05531360658493245, 0.17016017074097167, 0.111029648099973
661838281173303808, 26735463.176824976, -23282726.470788117, 13408256.877565192, 3.2306627057734447, -0.06844280264104974, 0.15424214880137743, 0.13524480079601
661851612751722880, 26961251.883667774, -23584547.885623924, 13723827.247372407, 3.1848086753995917, -0.1326297231363407, 0.19112366517890855, 0.17797469011734
